seqnames	start	end	width	strand	major_cn	minor_cn	clonal_frequency
1	13649	188118	174470	*	2	2	0.56
1	264627	16491182	16226556	*	2	2	0.56
1	16535646	16954508	418863	*	2	1	0.56
1	16955930	19284993	2329064	*	2	2	0.56
1	19306263	24601134	5294872	*	2	0	0.56
1	24964519	54737462	29772944	*	2	2	0.56
1	54737483	58631181	3893699	*	2	0	0.56
1	58661004	61352709	2691706	*	2	1	0.56
1	61404111	92326255	30922145	*	2	0	0.56
1	92386947	121538213	29151267	*	2	1	0.56
1	143498872	150286426	6787555	*	2	0	0.56
1	150308767	152805432	2496666	*	4	0	0.56
1	152910476	153225262	314787	*	4	1	0.56
1	153225266	201208082	47982817	*	5	0	0.56
1	201209660	201211044	1385	*	2	2	0.56
1	201224540	214465004	13240465	*	4	0	0.56
1	214482911	215083545	600635	*	3	3	0.56
1	215086143	227493191	12407049	*	4	0	0.56
1	227493678	227924579	430902	*	3	0	0.56
1	227925462	247965938	20040477	*	4	0	0.56
1	248084006	248650825	566820	*	2	2	0.56
2	224919	10723141	10498223	*	4	1	0.56
2	10782390	12024120	1241731	*	1	0	0.56
2	12723644	32650024	19926381	*	3	1	0.56
2	32733957	62771350	30037394	*	2	2	0.56
2	63174838	73601411	10426574	*	2	0	0.56
2	73602245	89833326	16231082	*	2	2	0.56
2	89833332	91940980	2107649	*	2	2	0.56
2	94196754	113588990	19392237	*	2	2	0.56
2	113589214	156569306	42980093	*	2	0	0.56
2	156571186	164525032	7953847	*	4	0	0.56
2	164568327	220540377	55972051	*	2	0	0.56
2	221426182	239126885	17700704	*	4	0	0.56
2	239134205	241767573	2633369	*	2	0	0.56
3	344564	4983086	4638523	*	2	0	0.56
3	6673959	10844102	4170144	*	9	0	0.56
3	10844235	14511486	3667252	*	5	0	0.56
3	14512968	17238034	2725067	*	3	0	0.56
3	17258641	23918549	6659909	*	7	0	0.56
3	23956056	75599416	51643361	*	2	0	0.56
3	75630725	89449469	13818745	*	2	0	0.56
3	91483720	93470744	1987025	*	3	3	0.56
3	93470771	130594375	37123605	*	3	2	0.56
3	130599493	131502075	902583	*	4	4	0.56
3	131669798	132719774	1049977	*	4	4	0.56
3	133380401	187731555	54351155	*	3	0	0.56
3	188179495	198035752	9856258	*	2	0	0.56
4	16758	17817262	17800505	*	3	0	0.56
4	17840325	49711673	31871349	*	2	0	0.56
4	51848078	190179609	138331532	*	2	0	0.56
5	163090	13638272	13475183	*	1	0	0.56
5	13691900	44114035	30422136	*	2	2	0.56
5	49601562	49661793	60232	*	0	0	0.56
5	50399214	53083447	2684234	*	2	2	0.56
5	53083580	114486508	61402929	*	2	0	0.56
5	115241712	181281648	66039937	*	2	0	0.56
6	140219	367552	227334	*	2	2	0.56
6	391989	1742560	1350572	*	5	0	0.56
6	2765463	4189642	1424180	*	2	0	0.56
6	4715746	37171546	32455801	*	2	1	0.56
6	37452063	47624120	10172058	*	4	2	0.56
6	47656716	57937957	10281242	*	3	2	0.56
6	62177194	82173521	19996328	*	3	1	0.56
6	82202771	118815596	36612826	*	2	2	0.56
6	118827986	119348712	520727	*	3	0	0.56
6	120015071	137218272	17203202	*	4	2	0.56
6	137218368	143862997	6644630	*	3	2	0.56
6	143864261	152202008	8337748	*	3	0	0.56
6	152230449	170640200	18409752	*	2	0	0.56
7	258359	6758969	6500611	*	4	0	0.56
7	6766853	33349217	26582365	*	2	0	0.56
7	33970334	57820256	23849923	*	2	2	0.56
7	60992954	84110714	23117761	*	2	0	0.56
7	85072836	88284046	3211211	*	4	2	0.56
7	89327385	100966916	11639532	*	2	2	0.56
7	100969353	100969588	236	*	4	1	0.56
7	100972299	110963371	9991073	*	2	2	0.56
7	111782750	138771243	26988494	*	2	0	0.56
7	138911255	142030270	3119016	*	4	0	0.56
7	142034048	154053149	12019102	*	2	0	0.56
7	154446472	159034723	4588252	*	2	2	0.56
8	219366	22634539	22415174	*	2	0	0.56
8	22634590	24320153	1685564	*	4	0	0.56
8	24331331	35792840	11461510	*	2	0	0.56
8	36817376	43302033	6484658	*	5	2	0.56
8	46579451	56444175	9864725	*	4	2	0.56
8	56446123	78717220	22271098	*	3	3	0.56
8	79765029	98195962	18430934	*	2	2	0.56
8	98212306	99823748	1611443	*	3	3	0.56
8	99823988	123182753	23358766	*	4	2	0.56
8	123326156	123812407	486252	*	4	4	0.56
8	123969885	125130161	1160277	*	4	4	0.56
8	125182029	126073337	891309	*	4	4	0.56
8	127415816	130214773	2798958	*	3	3	0.56
8	130401756	138685235	8283480	*	3	0	0.56
8	138688668	144946362	6257695	*	4	0	0.56
9	12667	30689222	30676556	*	4	0	0.56
9	30689447	43110553	12421107	*	2	0	0.56
9	62799760	66182633	3382874	*	2	0	0.56
9	66908658	127479543	60570886	*	2	0	0.56
9	127489336	138177100	10687765	*	2	0	0.56
10	47876	38696864	38648989	*	2	0	0.56
10	41859954	46398090	4538137	*	3	0	0.56
10	46462341	46550822	88482	*	1	1	0.56
10	46578866	79394237	32815372	*	2	0	0.56
10	79445303	84252883	4807581	*	1	0	0.56
10	84258342	132749862	48491521	*	2	0	0.56
10	132777885	133626863	848979	*	1	0	0.56
11	179321	1010649	831329	*	4	0	0.56
11	1094905	1099146	4242	*	2	2	0.56
11	1099861	2420416	1320556	*	3	0	0.56
11	2422708	4722926	2300219	*	3	0	0.56
11	4723911	7606121	2882211	*	6	0	0.56
11	7620800	9150228	1529429	*	3	0	0.56
11	9150885	10806814	1655930	*	2	0	0.56
11	11327122	17136398	5809277	*	4	2	0.56
11	17317520	50553126	33235607	*	2	0	0.56
11	62536350	72706069	10169720	*	1	1	0.56
11	72779941	117207622	44427682	*	3	2	0.56
11	117208625	134986898	17778274	*	2	0	0.56
12	174476	3298042	3123567	*	2	2	0.56
12	3550159	13866236	10316078	*	2	0	0.56
12	14424958	18683765	4258808	*	2	2	0.56
12	18683869	27082448	8398580	*	3	0	0.56
12	27121971	29783693	2661723	*	8	0	0.56
12	30724374	32216137	1491764	*	2	2	0.56
12	32216139	34165416	1949278	*	2	0	0.56
12	37418138	49955360	12537223	*	2	0	0.56
12	49955628	50352080	396453	*	1	1	0.56
12	50843019	64568891	13725873	*	3	0	0.56
12	64569748	76459029	11889282	*	4	0	0.56
12	76461170	105395784	28934615	*	2	0	0.56
12	106067160	133219598	27152439	*	3	0	0.56
13	18176081	18212090	36010	*	2	2	0.56
13	18212134	24943800	6731667	*	3	0	0.56
13	24951343	48515087	23563745	*	2	0	0.56
13	48871848	96427364	47555517	*	2	0	0.56
13	97969933	114291460	16321528	*	2	0	0.56
14	18333768	106349358	88015591	*	2	0	0.56
15	19964758	20257557	292800	*	1	1	0.56
15	20259607	63533643	43274037	*	2	0	0.56
15	63597735	76259791	12662057	*	3	0	0.56
15	76259971	76261159	1189	*	5	4	0.56
15	76261227	101705669	25444443	*	4	0	0.56
15	101752636	101973481	220846	*	1	1	0.56
16	11641	3069166	3057526	*	2	0	0.56
16	3069325	11965181	8895857	*	3	0	0.56
16	12203329	20862445	8659117	*	2	0	0.56
16	20954951	34159124	13204174	*	2	2	0.56
16	34162883	34163313	431	*	7	1	0.56
16	34163345	36101275	1937931	*	2	2	0.56
16	46386441	46401545	15105	*	0	0	0.56
16	46671590	90224655	43553066	*	2	0	0.56
17	410351	2995107	2584757	*	4	0	0.56
17	3062561	21291199	18228639	*	2	0	0.56
17	21291457	22381954	1090498	*	1	0	0.56
17	26603842	28367840	1763999	*	2	0	0.56
17	28467917	43212891	14744975	*	3	0	0.56
17	43246460	47840337	4593878	*	2	0	0.56
17	47945523	62523368	14577846	*	6	0	0.56
17	62579973	70096919	7516947	*	4	0	0.56
17	70096993	83135290	13038298	*	4	0	0.56
18	47434	94129	46696	*	1	1	0.56
18	99943	110425	10483	*	2	0	0.56
18	112180	15005737	14893558	*	2	2	0.56
18	21440199	37221903	15781705	*	2	2	0.56
18	37270931	58537759	21266829	*	4	0	0.56
18	58538030	80168979	21630950	*	3	0	0.56
19	107456	2878182	2770727	*	2	0	0.56
19	2897135	3028873	131739	*	0	0	0.56
19	3061346	12441132	9379787	*	2	0	0.56
19	12466909	19997415	7530507	*	2	0	0.56
19	20006856	24163431	4156576	*	2	0	0.56
19	29212777	39879672	10666896	*	2	2	0.56
19	39879706	40089223	209518	*	3	2	0.56
19	40205426	51500077	11294652	*	2	2	0.56
19	51501215	54128006	2626792	*	2	2	0.56
19	54128878	55155945	1027068	*	2	2	0.56
19	55156132	55265775	109644	*	1	1	0.56
19	55279090	58599150	3320061	*	2	0	0.56
20	96321	1369864	1273544	*	1	0	0.56
20	1370028	26083027	24713000	*	1	1	0.56
20	28565158	31274572	2709415	*	1	1	0.56
20	31285278	51725746	20440469	*	2	1	0.56
20	53185593	60069940	6884348	*	4	1	0.56
20	60308458	64093085	3784628	*	2	0	0.56
21	5235891	13051993	7816103	*	2	0	0.56
21	13384473	13909692	525220	*	2	2	0.56
21	13972853	29458073	15485221	*	3	0	0.56
21	29597581	42906905	13309325	*	2	2	0.56
21	42908720	46683356	3774637	*	1	1	0.56
22	10685693	12616347	1930655	*	1	0	0.56
22	15528913	17209519	1680607	*	0	0	0.56
22	17477717	50579085	33101369	*	2	0	0.56
22	50582239	50754799	172561	*	0	0	0.56
X	2781927	9967804	7185878	*	2	0	0.56
X	10094039	35941489	25847451	*	3	2	0.56
X	35966473	50635792	14669320	*	4	0	0.56
X	50910775	57985908	7075134	*	5	1	0.56
X	64193287	71872961	7679675	*	2	2	0.56
X	72197640	77691641	5494002	*	2	2	0.56
X	77715911	132100705	54384795	*	2	2	0.56
X	132384481	141002535	8618055	*	4	2	0.56
X	141241572	155524483	14282912	*	2	1	0.56
