seqnames	start	end	width	strand	major_cn	minor_cn	clonal_frequency
1	13649	264627	250979	*	2	2	0.59
1	264730	12084162	11819433	*	2	2	0.59
1	12109313	16536489	4427177	*	3	2	0.59
1	16537071	16586921	49851	*	3	3	0.59
1	16587665	16872203	284539	*	2	1	0.59
1	16922005	17230683	308679	*	2	2	0.59
1	17233104	19284993	2051890	*	2	2	0.59
1	19306263	24927286	5621024	*	2	0	0.59
1	24964519	31728046	6763528	*	2	2	0.59
1	31790485	40161246	8370762	*	2	1	0.59
1	40222460	54733814	14511355	*	2	2	0.59
1	54737462	61352709	6615248	*	2	1	0.59
1	61404111	92297881	30893771	*	2	0	0.59
1	92326255	112724147	20397893	*	2	2	0.59
1	112918061	113901588	983528	*	5	0	0.59
1	113966379	121538213	7571835	*	2	2	0.59
1	125180490	147104806	21924317	*	2	0	0.59
1	147115094	147172001	56908	*	1	1	0.59
1	147178198	150286426	3108229	*	2	0	0.59
1	150303096	152156618	1853523	*	6	0	0.59
1	152213956	152308424	94469	*	3	0	0.59
1	152308531	152805432	496902	*	5	0	0.59
1	152910476	153150144	239669	*	3	2	0.59
1	153205240	156677383	3472144	*	6	0	0.59
1	156735672	201208082	44472411	*	5	0	0.59
1	201209660	201211044	1385	*	11	9	0.59
1	201224540	207584887	6360348	*	5	0	0.59
1	207587428	209608998	2021571	*	8	0	0.59
1	209625986	214464976	4838991	*	5	0	0.59
1	214465004	214483397	18394	*	1	1	0.59
1	214632839	227493011	12860173	*	5	0	0.59
1	227493134	227507742	14609	*	2	0	0.59
1	227921231	228259818	338588	*	5	0	0.59
1	228263861	247965938	19702078	*	5	0	0.59
1	248084006	248650825	566820	*	2	2	0.59
2	224919	10723141	10498223	*	2	1	0.59
2	10782390	12024120	1241731	*	1	0	0.59
2	12723644	28013557	15289914	*	2	1	0.59
2	28526049	62771350	34245302	*	2	1	0.59
2	63174838	73601411	10426574	*	2	0	0.59
2	73602245	91940980	18338736	*	2	2	0.59
2	94196754	102218811	8022058	*	2	1	0.59
2	102234893	111769289	9534397	*	2	0	0.59
2	111792748	112113067	320320	*	5	1	0.59
2	112138790	121458843	9320054	*	1	1	0.59
2	121515611	156571186	35055576	*	1	0	0.59
2	157210570	163611904	6401335	*	2	0	0.59
2	164492953	172744558	8251606	*	1	0	0.59
2	172967206	220540377	47573172	*	2	0	0.59
2	221426182	230241529	8815348	*	4	0	0.59
2	230245867	238344536	8098670	*	3	0	0.59
2	238353225	241767573	3414349	*	2	0	0.59
3	344564	4983086	4638523	*	2	0	0.59
3	7146319	10844235	3697917	*	8	0	0.59
3	10911864	14513100	3601237	*	5	0	0.59
3	14513501	23918549	9405049	*	3	0	0.59
3	23956056	89449469	65493414	*	2	0	0.59
3	91483720	93470642	1986923	*	12	3	0.59
3	93470744	114236973	20766230	*	3	2	0.59
3	114307826	121913310	7605485	*	3	0	0.59
3	121992916	128676852	6683937	*	3	1	0.59
3	128909880	132719774	3809895	*	3	2	0.59
3	133380401	186297925	52917525	*	3	0	0.59
3	186558604	198035752	11477149	*	2	0	0.59
4	16758	16213914	16197157	*	3	0	0.59
4	16238683	48892964	32654282	*	2	0	0.59
4	49104455	49711694	607240	*	0	0	0.59
4	51848078	184734036	132885959	*	2	0	0.59
4	184734333	190179609	5445277	*	3	0	0.59
5	163090	10986835	10823746	*	1	0	0.59
5	10988060	44114035	33125976	*	1	1	0.59
5	49601562	49661793	60232	*	0	0	0.59
5	50399214	53074344	2675131	*	1	1	0.59
5	53083447	91072779	37989333	*	2	0	0.59
5	91376894	124648222	33271329	*	3	0	0.59
5	124649750	146592933	21943184	*	2	0	0.59
5	147034906	168492530	21457625	*	3	0	0.59
5	168748200	181281727	12533528	*	2	0	0.59
6	152749	367552	214804	*	1	1	0.59
6	391989	2765463	2373475	*	3	0	0.59
6	2765910	5144433	2378524	*	1	0	0.59
6	5404834	39081027	33676194	*	2	1	0.59
6	39115166	43201079	4085914	*	3	2	0.59
6	43215168	52832803	9617636	*	2	2	0.59
6	52837228	53093681	256454	*	4	3	0.59
6	53098273	57937957	4839685	*	2	2	0.59
6	62177194	68936912	6759719	*	2	0	0.59
6	68956303	79487131	10530829	*	2	1	0.59
6	79513912	102055442	22541531	*	2	0	0.59
6	102065642	106932022	4866381	*	11	2	0.59
6	107039639	129605869	22566231	*	3	0	0.59
6	129629619	143862997	14233379	*	2	2	0.59
6	143864261	150064750	6200490	*	2	0	0.59
6	150248604	152202008	1953405	*	4	0	0.59
6	152231240	170640200	18408961	*	2	0	0.59
7	258359	6165368	5907010	*	4	0	0.59
7	6409796	6758969	349174	*	7	0	0.59
7	6766853	33970071	27203219	*	2	0	0.59
7	33970334	55646840	21676507	*	2	2	0.59
7	55707062	57820256	2113195	*	2	1	0.59
7	60992954	84110714	23117761	*	2	0	0.59
7	85072836	97984686	12911851	*	3	3	0.59
7	98107385	99909788	1802404	*	2	2	0.59
7	99971602	100889133	917532	*	2	2	0.59
7	100951424	100951681	258	*	6	3	0.59
7	100951719	110963371	10011653	*	3	2	0.59
7	111782750	138771243	26988494	*	2	0	0.59
7	138908750	140177080	1268331	*	5	0	0.59
7	140345179	154053149	13707971	*	3	0	0.59
7	154540300	159034723	4494424	*	2	2	0.59
8	219366	22634616	22415251	*	2	0	0.59
8	22724761	24308583	1583823	*	4	0	0.59
8	24308875	33566426	9257552	*	2	0	0.59
8	36833671	38252697	1419027	*	2	2	0.59
8	38259835	38843542	583708	*	7	2	0.59
8	38950561	43302033	4351473	*	2	2	0.59
8	46579451	47933959	1354509	*	2	2	0.59
8	47962505	58430723	10468219	*	4	1	0.59
8	58491882	76707374	18215493	*	4	2	0.59
8	76849683	98212306	21362624	*	2	1	0.59
8	98707321	100047434	1340114	*	10	2	0.59
8	100105326	100649406	544081	*	3	1	0.59
8	100649575	116766858	16117284	*	6	2	0.59
8	117152910	120811823	3658914	*	3	1	0.59
8	122769894	123182753	412860	*	3	3	0.59
8	123328633	123812407	483775	*	3	3	0.59
8	123969885	125073344	1103460	*	3	2	0.59
8	125083626	125436633	353008	*	3	3	0.59
8	126073030	130214773	4141744	*	3	3	0.59
8	130401756	138661970	8260215	*	3	0	0.59
8	138662301	144946362	6284062	*	5	0	0.59
9	12667	30689222	30676556	*	6	0	0.59
9	30689447	30690053	607	*	3	3	0.59
9	30773964	32488239	1714276	*	5	0	0.59
9	32491242	38621347	6130106	*	3	0	0.59
9	39073680	41920251	2846572	*	1	1	0.59
9	41922978	43110553	1187576	*	2	1	0.59
9	62799760	62860682	60923	*	1	1	0.59
9	62861374	63819654	958281	*	2	1	0.59
9	63819765	123878812	60059048	*	2	0	0.59
9	124007971	125506624	1498654	*	5	0	0.59
9	125559492	137099959	11540468	*	2	0	0.59
9	137102167	137103590	1424	*	2	1	0.59
9	137113669	138177100	1063432	*	2	0	0.59
10	47876	38696864	38648989	*	2	0	0.59
10	41859954	46549243	4689290	*	3	0	0.59
10	46549251	46584599	35349	*	1	1	0.59
10	46651689	79394237	32742549	*	2	0	0.59
10	79445303	85729481	6284179	*	1	0	0.59
10	86566256	132749862	46183607	*	2	0	0.59
10	132777885	133626863	848979	*	1	0	0.59
11	179321	1095015	915695	*	3	0	0.59
11	1095021	1099146	4126	*	4	1	0.59
11	1099861	2146388	1046528	*	3	0	0.59
11	2147880	4915810	2767931	*	4	0	0.59
11	4923966	7630808	2706843	*	6	0	0.59
11	7630865	9176729	1545865	*	4	0	0.59
11	9178103	10806814	1628712	*	2	0	0.59
11	11327122	13381496	2054375	*	3	2	0.59
11	13610627	16341499	2730873	*	2	2	0.59
11	16801052	17136398	335347	*	4	3	0.59
11	17317520	50553126	33235607	*	2	0	0.59
11	54592041	61920202	7328162	*	2	1	0.59
11	61967489	66761577	4794089	*	2	0	0.59
11	67044867	72706069	5661203	*	2	1	0.59
11	72779941	78100944	5321004	*	3	2	0.59
11	78109270	78657809	548540	*	3	0	0.59
11	78661491	117207622	38546132	*	3	2	0.59
11	117208625	134986898	17778274	*	2	0	0.59
12	174476	3298042	3123567	*	2	1	0.59
12	3550159	13866236	10316078	*	2	0	0.59
12	14424958	19941437	5516480	*	3	3	0.59
12	20449914	27317596	6867683	*	3	0	0.59
12	27317855	31984918	4667064	*	2	1	0.59
12	32216137	34165416	1949280	*	1	0	0.59
12	37418031	44913850	7495820	*	3	0	0.59
12	45016292	57012866	11996575	*	2	0	0.59
12	57073077	63688229	6615153	*	4	0	0.59
12	63823233	63989729	166497	*	3	1	0.59
12	63989890	76461170	12471281	*	5	0	0.59
12	76822501	105395784	28573284	*	2	0	0.59
12	106067160	111599196	5532037	*	4	0	0.59
12	112164449	119520263	7355815	*	6	0	0.59
12	119530850	133219598	13688749	*	3	0	0.59
13	18176081	18232938	56858	*	1	1	0.59
13	18233072	49188820	30955749	*	2	0	0.59
13	49220514	96427364	47206851	*	1	0	0.59
13	97969933	114291460	16321528	*	2	0	0.59
14	18333768	19678650	1344883	*	1	1	0.59
14	19678869	106349358	86670490	*	2	0	0.59
15	19964758	22560974	2596217	*	1	1	0.59
15	22561533	63121920	40560388	*	2	0	0.59
15	63533643	74063555	10529913	*	4	0	0.59
15	74063690	74075017	11328	*	3	2	0.59
15	74128669	76259791	2131123	*	4	0	0.59
15	76259971	76261159	1189	*	1	1	0.59
15	76261227	101705669	25444443	*	4	0	0.59
15	101752636	101973481	220846	*	2	2	0.59
16	11641	1223638	1211998	*	2	0	0.59
16	1227472	1308562	81091	*	1	1	0.59
16	1308916	4208172	2899257	*	2	0	0.59
16	4355489	11965574	7610086	*	4	0	0.59
16	12203329	12203531	203	*	6	3	0.59
16	12568471	15879676	3311206	*	5	0	0.59
16	16185091	20862445	4677355	*	2	0	0.59
16	20954951	34162895	13207945	*	2	2	0.59
16	34162922	34163346	425	*	7	1	0.59
16	34163380	36101275	1937896	*	2	2	0.59
16	46386441	46401545	15105	*	1	0	0.59
16	46671590	48277246	1605657	*	2	2	0.59
16	48356601	90224655	41868055	*	2	0	0.59
17	410351	2995107	2584757	*	4	0	0.59
17	3062561	6088024	3025464	*	2	0	0.59
17	6426526	9791030	3364505	*	6	0	0.59
17	9807200	18424631	8617432	*	3	0	0.59
17	18430965	18500996	70032	*	0	0	0.59
17	18501036	19310022	808987	*	4	0	0.59
17	19329720	21244091	1914372	*	2	0	0.59
17	21291457	22381954	1090498	*	1	0	0.59
17	25920193	27753879	1833687	*	2	0	0.59
17	27754938	47840337	20085400	*	2	0	0.59
17	47945523	62579973	14634451	*	6	0	0.59
17	62664556	76041127	13376572	*	3	0	0.59
17	76043786	80930197	4886412	*	4	0	0.59
17	80930211	80930495	285	*	6	3	0.59
17	80940445	83135290	2194846	*	4	0	0.59
18	47434	100065	52632	*	4	0	0.59
18	108052	110425	2374	*	3	2	0.59
18	110490	15005737	14895248	*	3	0	0.59
18	21440199	32220156	10779958	*	5	0	0.59
18	32270333	32512364	242032	*	4	0	0.59
18	32674503	37485773	4811271	*	2	2	0.59
18	37565150	80168979	42603830	*	3	0	0.59
19	107456	4511128	4403673	*	2	0	0.59
19	4511269	4511818	550	*	1	1	0.59
19	4511896	8900736	4388841	*	3	0	0.59
19	8902164	8902319	156	*	3	1	0.59
19	8903780	9757728	853949	*	3	0	0.59
19	9763271	24163431	14400161	*	2	0	0.59
19	29212777	37267184	8054408	*	2	1	0.59
19	37565185	39879633	2314449	*	2	2	0.59
19	39879656	39896264	16609	*	4	2	0.59
19	39899321	41966898	2067578	*	3	2	0.59
19	41970048	45165034	3194987	*	4	2	0.59
19	45212934	52818006	7605073	*	2	2	0.59
19	52825728	55155079	2329352	*	2	2	0.59
19	55155935	55265775	109841	*	2	2	0.59
19	55279090	58599150	3320061	*	2	0	0.59
20	96321	1310374	1214054	*	1	0	0.59
20	1310432	26083027	24772596	*	1	1	0.59
20	28565114	29743308	1178195	*	2	2	0.59
20	29745582	30655116	909535	*	3	1	0.59
20	30813330	30815045	1716	*	1	0	0.59
20	30815065	51725746	20910682	*	2	1	0.59
20	53044717	59907327	6862611	*	5	1	0.59
20	59983018	64093085	4110068	*	3	1	0.59
21	5235891	13051993	7816103	*	2	0	0.59
21	13384473	29458073	16073601	*	2	0	0.59
21	29597581	44093927	14496347	*	2	1	0.59
21	44289456	46683456	2394001	*	2	1	0.59
22	10685693	11066669	380977	*	1	0	0.59
22	11066725	12630720	1563996	*	1	0	0.59
22	15528913	17209519	1680607	*	0	0	0.59
22	17477717	20352100	2874384	*	2	0	0.59
22	20354682	20361928	7247	*	2	1	0.59
22	20364476	50579085	30214610	*	2	0	0.59
22	50582239	50754799	172561	*	0	0	0.59
X	2781927	9967804	7185878	*	2	0	0.59
X	10094039	35941489	25847451	*	2	2	0.59
X	36985440	45381760	8396321	*	2	0	0.59
X	46419540	50607674	4188135	*	4	0	0.59
X	50635792	57985908	7350117	*	5	2	0.59
X	64193287	71872961	7679675	*	3	2	0.59
X	72197640	115643649	43446010	*	4	1	0.59
X	115920833	139536901	23616069	*	3	2	0.59
X	139551121	155524483	15973363	*	3	1	0.59
